435 420 0
240 400 1
580 712 0
539 480 1
420 365 0
400 240 1
480 539 1
680 400 1
331 360 0
261 480 1
510 209 1
480 261 1
331 440 0
380 365 0
209 290 1
400 440 0
400 120 1
480 400 0
420 435 0
539 320 1
440 469 0
469 360 0
435 380 0
400 760 0
260 158 1
510 591 1
400 40 0
40 400 0
591 510 1
620 400 1
180 400 1
400 360 0
88 580 0
560 400 1
400 180 1
580 88 0
712 220 0
591 290 1
400 320 0
380 435 0
540 158 1
220 88 0
760 400 0
320 261 1
440 331 0
360 469 0
712 580 0
158 260 1
360 331 0
400 620 1
88 220 0
261 320 1
400 680 1
642 540 1
120 400 1
360 400 0
290 591 1
320 400 0
365 380 0
365 420 0
400 560 1
440 400 0
642 260 1
290 209 1
540 642 1
209 510 1
220 712 0
469 440 0
158 540 1
260 642 1
320 539 1
400 480 0
